// Ce fichier présente les données en provenance
// du capteurs. Le signal 1 est la référence, le 2
// y est semblable et le 3 est différent.

#define tailleSignal1_x 64
 int signal1_x[tailleSignal1_x] = {
436, 423, 155, 636, 292, 2802, -2143, -1799, -2113, -161, 570, 669, 1799, 1846, 342, 638, 944, 855, 724, 462, 300, 227, 464, 928, 462, 1144, 653, 442, 307, 905, 500, 642, 1735, 1063, 989, 243, 1759, 239, 503, 594, -1759, 2230, -889, -29, 1282, -2082, 1329, -2571, -2990, 1662, -1958, -5042, 552, -413, 247, -1710, 45, 657, 572, 579, 572, 615, 585, 580 };

#define tailleSignal1_y 64
 int signal1_y[tailleSignal1_y] = {
-2460, -2414, -2459, -2508, -2192, -1123, -4673, -536, -4880, -2215, -3970, -3551, -1983, -3011, -4240, -5001, -3888, -5659, -5930, -8042, -9563, -7050, -8648, -6389, -7367, -4151, -5860, -5175, -5188, -3629, -5087, -5562, -3973, -5338, -6431, -4264, -4324, -4432, -3350, -2589, -4358, 2109, -2923, 111, 1758, -3402, 3588, -2901, -5987, 1707, -2185, -1444, -2087, -2643, -2057, 4374, -2168, -2530, -2662, -2568, -2535, -2650, -2591, -2552 };

#define tailleSignal1_z 64
 int signal1_z[tailleSignal1_z] = {
16216, 16024, 16304, 16799, 16883, 20398, 22347, 15663, 21692, 17950, 20947, 19030, 18967, 19344, 16447, 18300, 16370, 15246, 14754, 13215, 12897, 9969, 13333, 10700, 10702, 10261, 11012, 7482, 7301, 8587, 6836, 5695, 7537, 10135, 10234, 9360, 17051, 10007, 16080, 20218, 15491, 21181, 17618, 15746, 24244, 18867, 22635, 24452, 22396, 19407, 12177, 16365, 15989, 15636, 16143, 8209, 16139, 15968, 16056, 16035, 15994, 16035, 16133, 16108 };

#define tailleSignal2_x 64
 int signal2_x[tailleSignal2_x] = {
372, 324, 379, 369, 335, 346, 642, 84, 446, -1472, 879, 548, 2702, 2406, 4132, 3369, 2153, 3955, 2022, 1376, 443, 447, 367, -382, -1024, -721, 8, 693, 588, 366, 455, 613, 1054, 1134, 1216, 864, 1372, 1341, -176, 1487, 28, 591, 1249, -390, 2787, 468, 295, 1897, -878, -545, 301, -3105, -1843, 179, -242, 549, 639, 2195, 694, 614, 658, 618, 538, 632 };

#define tailleSignal2_y 64
 int signal2_y[tailleSignal2_y] = {
-2604, -2544, -2501, -2398, -2243, -2507, -1325, -3420, -3105, -4263, -2409, -6984, -2041, -5013, -2492, -3563, -4279, -2815, -6589, -3677, -7904, -5399, -7606, -6792, -7512, -6857, -5900, -4629, -3977, -4666, -4852, -5180, -5343, -4697, -5482, -3785, -3772, -3516, -3207, -1425, -1878, -1598, -288, -2220, 2572, -447, -1511, 3198, -2331, 410, 511, 551, 620, -1174, -2494, -4342, -2949, -927, -2738, -2633, -2721, -2630, -2630, -2692 };

#define tailleSignal2_z 64
 int signal2_z[tailleSignal2_z] = {
16164, 16088, 16089, 16067, 16192, 16311, 17338, 19400, 28446, 24171, 24157, 25920, 24526, 16562, 17178, 15617, 12173, 11396, 11375, 5737, 14463, 10489, 13459, 11600, 11988, 10199, 8895, 8245, 6312, 7304, 7658, 9461, 10051, 11482, 12982, 11969, 15064, 12263, 15019, 20238, 12348, 18613, 21940, 15441, 21100, 20029, 16187, 21478, 23335, 14963, 20893, 27994, 14730, 15512, 15336, 17082, 16418, 15353, 16084, 16000, 15983, 16048, 16028, 16080 };

#define tailleSignal3_x 64
 int signal3_x[tailleSignal3_x] = {
464, 491, 402, 530, 595, 965, -1406, -1223, -2168, -4137, -3991, -4352, -3547, -2701, -1669, -785, -224, -111, 1075, 2508, 2838, 3608, 3915, 3656, 4024, 4011, 3198, 3849, 3452, 3809, 4156, 5479, 5501, 4847, 3316, 2710, 1822, 2118, 471, 1779, 19, -1024, -1336, -2334, -3357, -2271, -1791, 6, 2245, 3669, 4133, 4624, 3315, 1920, 1962, 741, -311, -2450, -3285, -3302, -3366, -2433, -1983, -588 };

#define tailleSignal3_y 64
 int signal3_y[tailleSignal3_y] = {
-2492, -2428, -2392, -2330, -2232, -5545, -5670, -4119, -3227, -5049, -2275, -2070, -1349, 260, -723, 269, -3, -368, -742, 73, -269, -698, -1606, -2117, -2199, -3705, -3833, -1716, -2181, -1329, -660, -348, -1055, -1151, -4048, -4197, -6083, -6604, -7942, -6253, -6073, -6275, -5798, -5173, -4778, -2391, -1446, 709, 2759, 3198, 1189, 281, -819, -2529, -4013, -5100, -5043, -4844, -4107, -3085, -2535, -941, -1044, -600 };

#define tailleSignal3_z 64
 int signal3_z[tailleSignal3_z] = {
16068, 16206, 16129, 16151, 16778, 18398, 19194, 20950, 18185, 17005, 18375, 16224, 15345, 13507, 15728, 15423, 15368, 14670, 15990, 16034, 16173, 16564, 18685, 18842, 17536, 18801, 17691, 15962, 16033, 15678, 14436, 9793, 11521, 13845, 14476, 13894, 16701, 18603, 14270, 17398, 20949, 14912, 11381, 15569, 13865, 16312, 16635, 17106, 15530, 15287, 13612, 11750, 13715, 14738, 14390, 12854, 16754, 15904, 18699, 18774, 18535, 17817, 17649, 18244 };

#define tailleSignal4_x 64
 int signal4_x[tailleSignal4_x] = {
384, 775, 235, 441, 409, 877, 1461, 1702, 2243, 2077, 2422, 1826, 1498, 1774, 1255, 892, 962, 681, -98, 211, -285, -696, -493, -1091, -922, -1569, -642, -183, -4, -846, -1105, -2754, -775, -777, -876, -774, -567, -889, -680, -608, -276, -340, 364, 178, 886, 726, 762, 1356, 1303, 1058, 1862, 1662, 1285, 1718, 1586, 2039, 1046, 1553, 473, 629, 670, 388, 222, 560 };

#define tailleSignal4_y 64
 int signal4_y[tailleSignal4_y] = {
-1376, -1454, -1722, -1582, -1334, -1461, -1716, -1625, -1521, -1476, -2156, -2260, -1194, -1227, -1628, -962, -2013, -1992, -1482, -1923, -1936, -2284, -2116, -2387, -2654, -1888, -1781, -2001, -2877, -2206, -2220, -2481, -2426, -2298, -1711, -2279, -2417, -2360, -2358, -2421, -2084, -1819, -2237, -1282, -3503, -2580, -2463, -2841, -3032, -2226, -2332, -2337, -1727, -1697, -2226, -1763, -2236, -2424, -2413, -2164, -2151, -2246, -2328, -2168 };

#define tailleSignal4_z 64
 int signal4_z[tailleSignal4_z] = {
16180, 16229, 16293, 16052, 15892, 16130, 16055, 16197, 16257, 16062, 16111, 16184, 16119, 16070, 16299, 16163, 16054, 16082, 16210, 16134, 16053, 16108, 16208, 16090, 16228, 15978, 16190, 16014, 16221, 16149, 16131, 16045, 16095, 16068, 16184, 16204, 15876, 15858, 16191, 15828, 15958, 16042, 16142, 16346, 15838, 16136, 16064, 16003, 16009, 16044, 16244, 16167, 15932, 16210, 16033, 16072, 16098, 16183, 15920, 16019, 16091, 16145, 16049, 16060 };

#define tailleSignal5_x 64
 int signal5_x[tailleSignal5_x] = {
1052, 1168, 1571, 2450, 2909, 4133, 3765, 4009, 3836, 3411, 1610, 1476, 722, 374, 117, -176, 62, 120, 119, -128, -41, -794, -278, 421, 472, 413, 411, -13, -1118, -1035, -1369, -1384, -1250, -1333, -785, -651, -986, -305, 28, 349, 1309, 1354, 1282, 1390, 2340, 1483, 2265, 2228, 1927, 2305, 2600, 1446, 1612, 1696, 1467, 2051, 2118, 1898, 1729, 1397, 1557, 1142, 992, 1184 };

#define tailleSignal5_y 64
 int signal5_y[tailleSignal5_y] = {
-1168, -981, -1111, -938, -972, -1564, -1180, -996, -1404, -2577, 361, -390, -964, -541, 498, -771, -1246, -1112, -1148, -1551, -1429, -476, -670, -1428, -984, -1058, -1265, -1338, -1378, -724, -585, -810, -1305, -800, -1119, -905, -861, -1142, -29, 485, -334, -339, -138, -71, -1597, 339, -926, -833, -289, -583, -1122, 112, -487, -896, 70, -69, -341, -1302, -963, 86, -253, -387, -46, -520 };

#define tailleSignal5_z 64
 int signal5_z[tailleSignal5_z] = {
16228, 16206, 15979, 16381, 16164, 16102, 16329, 16724, 15336, 16750, 16363, 15783, 15658, 15591, 16738, 15358, 15926, 15923, 15166, 15931, 15968, 15798, 16691, 16868, 16956, 15769, 16211, 16557, 16818, 17056, 17497, 16900, 16162, 16342, 16097, 15923, 15301, 15106, 15155, 16878, 15585, 15751, 16889, 17122, 15047, 16443, 16557, 16668, 15715, 15367, 15944, 16590, 16680, 15666, 15949, 15844, 16528, 16583, 17024, 16583, 16075, 15801, 15898, 15984 };

#define tailleSignal6_x 64
 int signal6_x[tailleSignal6_x] = {
564, 476, 428, 178, 8, 240, 80, 1846, -208, -120, 962, 352, -131, -317, 1371, 130, -407, 264, 1042, -247, 887, 903, 329, 339, -86, 189, 1109, 450, 688, 859, 623, 376, -286, 1099, 172, -788, 429, 1184, 285, -35, 855, -396, 404, 404, 556, 986, 404, 200, 1106, 1118, -222, 525, 530, 814, 328, 460, 430, 490, 400, 429, 523, 532, 344, 480 };

#define tailleSignal6_y 64
 int signal6_y[tailleSignal6_y] = {
-3120, -3040, -2888, -208, -1034, -642, -189, 443, -1787, -44, -1351, -4300, -3820, -3324, -4490, -3892, -3259, -4253, -4635, -3514, -5278, -4219, -4406, -3819, -2557, -2960, -5398, -2902, -5725, -7127, -4665, -4323, -3442, -3935, -3799, -1484, -3043, -2788, -253, -1004, -1401, -1821, -1986, -1703, -2023, -1996, -500, -2042, -3557, -2574, -368, -1230, -2521, -2718, -2129, -2722, -2821, -2830, -2822, -2872, -2877, -2812, -2956, -2856 };

#define tailleSignal6_z 64
 int signal6_z[tailleSignal6_z] = {
16216, 16066, 16073, 16485, 16211, 15811, 16870, 16528, 16277, 17160, 15043, 16316, 15817, 15840, 16072, 15831, 15930, 15744, 15817, 16099, 15756, 15807, 15824, 15940, 16126, 15884, 15696, 16116, 15531, 15462, 15842, 16129, 16531, 15665, 15820, 16216, 16174, 15785, 16425, 16141, 16012, 15806, 15827, 15749, 16184, 16321, 16346, 15997, 15974, 15943, 16577, 16247, 16052, 15999, 15957, 16208, 16133, 16016, 16016, 15824, 16032, 15991, 16132, 16012 };

#define tailleSignal7_x 64
 int signal7_x[tailleSignal7_x] = {
1024, 1193, 393, 810, 1137, 1470, 1372, 1204, 1482, 790, 1204, 1626, 1517, 1376, 602, -441, -123, -567, -735, -704, -305, -832, -783, -625, -113, 363, 534, 164, 701, 104, 299, 466, 491, 560, 394, 1434, 718, 993, 849, 861, 689, 778, 1298, 1291, 1524, 625, 830, -7, 475, 548, 871, 721, 483, 581, 311, 535, 561, 771, 430, 568, 381, 291, 0, 216 };

#define tailleSignal7_y 64
 int signal7_y[tailleSignal7_y] = {
-1236, -372, 2138, 2405, 947, 32, 213, -2207, -689, -1758, -1996, -2410, -2630, -703, -2608, -2199, -2027, -3250, -2465, -1103, -2783, -2249, -2899, -2203, -3879, -4336, -3328, -3354, -4165, -3838, -2164, -2600, -2193, -729, -406, -1795, -815, -317, 278, 775, 2250, 1827, 833, -818, -1207, -68, -930, -207, -603, -925, -1172, -1000, -869, -1075, -832, -1062, -549, -1013, -1031, -1038, -1159, -1174, -720, -1084 };

#define tailleSignal7_z 64
 int signal7_z[tailleSignal7_z] = {
16020, 16387, 16437, 16812, 16908, 16788, 16865, 13228, 17383, 17193, 15876, 16073, 14846, 14504, 16005, 15351, 15531, 16448, 17017, 16304, 15624, 15761, 16443, 17827, 16909, 17222, 17062, 16632, 17005, 17001, 16079, 15591, 16230, 15983, 15599, 16256, 15028, 15311, 15041, 14937, 15427, 16675, 16743, 16141, 16755, 17084, 16961, 15973, 16305, 16080, 16050, 15743, 16006, 16572, 15965, 16201, 16669, 16006, 16254, 16515, 16108, 16079, 15877, 16484 };

