// Ce fichier présente les données en provenance
// du capteurs. Le signal 1 est la référence, le 2
// y est semblable et le 3 est différent.

#define tailleSignal1_x440 991
 int signal1_x440[tailleSignal1_x440] = {
436,354,282,373,420,476,545,566,511,520,523,522,557,498,363,352,443,521,591,623,547,297,168,269,205,195,295,228,232,217,127,127,197,191,217,97,240,431,795,983,992,845,802,948,1075,1124,1069,753,225,11,-254,-429,-489,-507,-472,-70,86,234,441,122,427,537,355,290,177,354,394,290,384,458,543,707,935,1286,1887,4136,7705,8162,4935,1915,161,-706,-1639,-1904,-2022,-2362,-2829,-3124,-3264,-3799,-3372,-3689,-3539,-2923,-2267,-2356,-2654,-2856,-2130,-1028,-532,-163,-636,-814,968,1332,-190,-995,-1430,-1673,-1802,-1747,-1790,-1824,-1545,-1601,-1685,-1050,-1315,-1484,-1560,-1633,-1822,-2241,-2330,-2310,-2014,-1666,-1443,-1221,-1116,-1074,-1147,-1084,-952,-718,-451,-465,-347,-392,-364,-227,-154,-99,-16,72,101,135,367,517,698,742,884,847,883,847,785,590,506,462,542,763,993,1174,1387,1558,1283,1246,1444,1288,1090,1035,799,662,560,587,620,591,636,725,917,1088,939,990,1340,1512,1524,1727,1704,1834,1898,1911,2068,2198,2266,2313,2374,2415,2366,2208,2014,1807,1883,1843,1905,1765,1686,1626,1469,1320,1270,1238,1382,1293,938,792,584,466,506,431,380,228,868,875,439,210,261,260,139,25,23,13,53,355,352,609,644,693,781,840,766,708,699,730,838,882,904,1043,1146,1360,1311,1055,1014,1252,1578,1687,1632,1384,1028,1086,1139,1461,1434,1419,1226,1002,1092,842,884,665,605,547,554,427,371,361,437,480,396,477,680,716,674,723,821,904,873,768,800,776,851,853,929,870,759,1082,796,595,580,414,459,570,595,577,560,562,422,282,164,165,344,251,74,-81,10,488,349,-160,-61,-40,-21,679,463,5,310,215,304,312,323,247,229,154,374,565,663,690,576,543,635,638,578,457,356,307,335,440,468,496,496,516,762,807,1024,914,795,654,706,909,830,762,841,866,974,869,922,977,1006,948,935,908,917,1106,1228,1080,890,854,680,515,368,491,590,701,984,1072,1063,993,917,888,810,737,778,897,917,1126,1301,1347,1320,1347,1277,1179,1147,1240,1290,1275,1261,1205,1071,989,841,602,572,468,558,610,680,490,461,447,567,632,706,659,621,616,549,318,210,353,732,646,510,508,750,819,843,729,548,475,457,427,323,301,308,468,533,600,729,675,693,750,782,803,847,912,878,967,901,903,900,890,845,741,688,618,565,547,531,566,631,579,632,582,460,384,232,212,307,256,275,222,194,225,292,361,423,354,410,589,678,692,847,880,896,1224,1407,1468,1513,1532,1561,1635,1637,1618,1648,1725,1763,1761,1736,1589,1477,1449,1407,1329,1304,1282,1196,1155,1168,1182,1166,1054,1008,1060,1060,1075,1285,1384,1364,1356,1242,1252,1140,1126,1065,1045,1009,979,916,856,825,673,464,277,54,-47,-23,-5,66,111,247,366,275,221,455,677,812,1096,1100,1299,1390,1403,1690,1690,1815,1804,1742,1780,1761,1659,1606,1549,1544,1551,1534,1508,1436,1288,1104,935,697,411,265,235,199,20,-197,-304,-212,-190,-194,-272,-102,-127,-112,-124,-89,-6,191,441,536,887,1153,1148,1174,1242,1210,1346,1450,1355,1384,1393,1332,1195,857,624,373,19,-230,-497,-872,-1155,-1294,-1423,-1583,-1720,-1828,-1942,-1788,-1919,-1759,-1760,-1697,-1556,-1099,-998,-247,169,514,897,1263,1635,1970,2039,2036,2241,2262,2177,2162,2248,2004,1709,1661,1324,977,726,472,166,13,-185,-437,-621,-815,-885,-1104,-1256,-1630,-1825,-1973,-2259,-2236,-2355,-2273,-2154,-1959,-1652,-1300,-794,-98,488,898,1351,1728,2105,2452,2714,2846,2904,2955,2915,2904,2667,2328,1721,1186,662,116,-373,-807,-1085,-1408,-1552,-1773,-1871,-1932,-2051,-2120,-2086,-2004,-2010,-2052,-2052,-2042,-2085,-2023,-1957,-1889,-1591,-1143,-997,-425,198,595,870,1034,1194,1690,1792,1667,1665,1533,1389,559,-387,-260,-1101,-981,-1227,-1815,-2159,-2519,-2573,-2654,-2529,-2338,-1995,-1249,-813,-1818,-1974,-922,-642,-605,-1414,-2737,-4040,-3894,-2558,-758,1516,1860,-5084,-8246,12268,18292,12588,6771,5054,6958,5204,2490,2366,1885,1356,1370,1698,1304,266,-628,-873,-1192,-1557,-1930,-2033,-1967,-2082,-2190,-2007,-1925,-2492,-3175,-3458,-3924,-4824,-5535,-3967,-2007,-2427,880,502,-2366,-4610,-6186,-5669,-4944,-3789,-3150,-2780,-2200,-1153,-286,-459,-339,-96,258,374,394,443,576,583,563,656,806,855,759,617,595,725,791,850,748,429,90,-124,-413,-531,-130,596,142,251,217,247,624,1500,1238,55,-258,271,431,224,141,242,295,63,-218,-374,10,796,286,111,336,1349,1441,1156,2382,2933,-1333,-1728,-1796,-1579,-108,4015,2416,1938,2417,1739,343,-160,713,1699,1193,49,25,384,1006,969,642,312,429,741,752,635,565,577,612,572,644,652,666,557,671,622,630,534,574,601,600,675,617,576,596,571,655,606,573,654,641,579,557,636,603,592,647,652,575,558,535,558,571,557,582,606,629,562,647,610,638,607,658,620,578,501,554,596,550,552,631,649,566,581,662,605,634,709,676,589,548,609,651,601,531,604,522,592,563,663,542,604,618,586,530,555,585,593,661,632,581,591,539,594,643,587,598,588,520,543,663,561,558,504,536,601,599 };

#define tailleSignal1_y440 991
 int signal1_y440[tailleSignal1_y440] = {
-2460,-2451,-2513,-2404,-2388,-2399,-2465,-2451,-2297,-2313,-2394,-2580,-2596,-2500,-2516,-2507,-2366,-2243,-2181,-2159,-2326,-2425,-2459,-2451,-2457,-2509,-2371,-2476,-2527,-2456,-2474,-2451,-2476,-2631,-2637,-2711,-2568,-2387,-2295,-2210,-2154,-1995,-1967,-2239,-2461,-2411,-2356,-2507,-2609,-2746,-2550,-2526,-2582,-2557,-2541,-2496,-2395,-2257,-2423,-2511,-2359,-2186,-2244,-2181,-2344,-2512,-2594,-2513,-2438,-2362,-2341,-2307,-2289,-2449,-2782,-2918,-3909,-4970,-2603,-1051,-1289,-1173,-1659,-1916,-2425,-3031,-3697,-4086,-4648,-5255,-5762,-5916,-6156,-5626,-4878,-4518,-4745,-5124,-4616,-2953,-1710,-1127,-1278,-1608,-337,1068,1206,906,514,-67,-519,-808,-1524,-2118,-2541,-2741,-3170,-3480,-3653,-3854,-4088,-4177,-4534,-4877,-4947,-4920,-4859,-4788,-4719,-4464,-4140,-3825,-3579,-3106,-2872,-2656,-2491,-2308,-2381,-2379,-2250,-2240,-2169,-2136,-2147,-2127,-1975,-1685,-1405,-1412,-1720,-2332,-2944,-3473,-4136,-4310,-4253,-4053,-3665,-3218,-2739,-2324,-2159,-2209,-2301,-2455,-2574,-2613,-2654,-2836,-2903,-3101,-3404,-3547,-3486,-3439,-3428,-3377,-3228,-3253,-3260,-3151,-2860,-2650,-2404,-2267,-2117,-2064,-1974,-1969,-1903,-1837,-1811,-1826,-1924,-2038,-2119,-2207,-2307,-2433,-2572,-2758,-2753,-2824,-2945,-3101,-3220,-3354,-3401,-3354,-3409,-3509,-3729,-3877,-3877,-3753,-3678,-3654,-3863,-3896,-4199,-4582,-5080,-5154,-5046,-4958,-4911,-4896,-4939,-4967,-4911,-4850,-4933,-5033,-5052,-5130,-4971,-4770,-4647,-4571,-4536,-4628,-4702,-4655,-4483,-4568,-4679,-4672,-4514,-4621,-4477,-4052,-4073,-4884,-5503,-5298,-5093,-4793,-4257,-4299,-4396,-4863,-5107,-5271,-5158,-5162,-5668,-5560,-5895,-5824,-6046,-6160,-6258,-6256,-6412,-6479,-6533,-6440,-6321,-6352,-6339,-6139,-5918,-5927,-6037,-6084,-6177,-6153,-6098,-5995,-5950,-6047,-6292,-6501,-6613,-7395,-7731,-7827,-8234,-7951,-8240,-8427,-8320,-8592,-8784,-8832,-9009,-9212,-9312,-9314,-9338,-9285,-9302,-9407,-9505,-9599,-9447,-9103,-9181,-9391,-9168,-8435,-8124,-7286,-7460,-7263,-6926,-6819,-6624,-6825,-7021,-6968,-6989,-7268,-7509,-7768,-7873,-8143,-8251,-8268,-8382,-8549,-8783,-8927,-8954,-8887,-8629,-8261,-7682,-7484,-7775,-7793,-8190,-7934,-7470,-7092,-6981,-7073,-6807,-6460,-6624,-6405,-6404,-6415,-6317,-6194,-5969,-5794,-5741,-5796,-6054,-6376,-6514,-6627,-6844,-7002,-7288,-7379,-7326,-7174,-7097,-6835,-6633,-6494,-6248,-6056,-5928,-5684,-5397,-5120,-4790,-4571,-4383,-4167,-3903,-3681,-3535,-3520,-3503,-3458,-3549,-3802,-4122,-4325,-4584,-4873,-5277,-5633,-5804,-5871,-6116,-6359,-6532,-6715,-6636,-6256,-6029,-5977,-5900,-5846,-5832,-5759,-5677,-5548,-5251,-5142,-4937,-4636,-4647,-4659,-4576,-4292,-4150,-4324,-4413,-4921,-4942,-4975,-5095,-5214,-5201,-5133,-5049,-4725,-4520,-4369,-4563,-4112,-4010,-3916,-3831,-3771,-3780,-3872,-3770,-3600,-3632,-3886,-3913,-4060,-4328,-4322,-4495,-4472,-4393,-4291,-4473,-4765,-4944,-4915,-5065,-5026,-5139,-5250,-5476,-5356,-5428,-5528,-5537,-5519,-5453,-5524,-5594,-5508,-5484,-5438,-5456,-5544,-5554,-5609,-5502,-5477,-5228,-5047,-4961,-4819,-4616,-4593,-4564,-4475,-4321,-4257,-4120,-3986,-3925,-4046,-4113,-4234,-4298,-4316,-4307,-4265,-4339,-4357,-4603,-4810,-4878,-4973,-5198,-5357,-5470,-5493,-5758,-5662,-5752,-5838,-5943,-6010,-6244,-6384,-6483,-6568,-6543,-6523,-6449,-6441,-6456,-6485,-6495,-6529,-6608,-6589,-6314,-5963,-5720,-5383,-5053,-4962,-4747,-4609,-4355,-4063,-3869,-3894,-3848,-3844,-3832,-3794,-3886,-3786,-3783,-3877,-3916,-4166,-4282,-4304,-4323,-4324,-4350,-4204,-4121,-4191,-4354,-4505,-4703,-4916,-4988,-4991,-4890,-4749,-4708,-4611,-4378,-4173,-3993,-3860,-3817,-3776,-3911,-3908,-3923,-4072,-3921,-3963,-3783,-3642,-3566,-3432,-3248,-2946,-2873,-2926,-2817,-2642,-2498,-2321,-2159,-2098,-1981,-1880,-1947,-2127,-2387,-2578,-2692,-2911,-3180,-3461,-3645,-3777,-3955,-4234,-4392,-4550,-4566,-4590,-4684,-4688,-4649,-4331,-4094,-3726,-2353,-2657,775,370,-185,-62,278,805,1305,1459,1646,1931,2169,1842,1434,1127,860,425,436,101,-117,-231,-312,-598,-863,-1336,-1896,-2251,-2723,-3083,-3400,-3650,-4061,-4357,-4612,-4816,-4970,-4833,-4529,-3871,-3215,-2558,-1834,-1047,-3,1052,1961,2813,3703,4406,4930,5490,5920,6112,6069,5773,5220,4532,3568,2492,1583,611,-277,-1038,-1978,-2689,-2980,-3284,-3331,-3645,-3878,-3904,-3979,-3974,-3839,-3584,-3258,-2897,-2564,-2186,-1712,-1278,-924,-332,759,1582,2188,2686,2994,3192,3519,3744,3310,3214,3166,2920,2292,1726,1175,-390,-1131,-1222,-1897,-2438,-2728,-2718,-2807,-2904,-3135,-3040,-2606,-2499,-1832,-637,-50,500,579,-182,-1940,-3643,-5048,-6166,-6267,-5597,-3981,-1808,1451,7708,6270,-3862,-4562,-3048,-1127,-554,494,2908,3033,2681,1872,1480,732,386,27,-405,-1306,-1984,-2236,-2940,-3313,-3264,-3296,-2991,-2542,-2419,-2238,-2008,-2009,-2057,-2191,-4245,-10345,-16003,-19400,-13567,-8229,2850,3473,2393,405,-991,-1511,-1230,-663,-479,-497,-792,-1066,-832,-912,-1301,-1601,-1901,-1900,-1957,-2059,-2078,-2126,-2159,-2154,-2187,-2153,-1925,-1766,-1929,-1974,-2113,-2279,-2527,-2784,-3031,-2985,-2815,-2269,-1776,-1532,-1551,-1780,-1316,-780,-823,-1009,-1357,-1383,-1928,-2191,-1979,-2031,-2055,-2186,-2444,-2350,-1812,-1378,-2646,-3449,-3164,-2571,-1244,-1661,-1212,397,881,3660,4552,3418,2054,285,-20787,-3048,1785,-3130,-7046,-3936,-1304,-4772,-4398,-2075,-2507,-1586,-2563,-2957,-2860,-2490,-2319,-2518,-2717,-2741,-2658,-2455,-2507,-2597,-2671,-2680,-2566,-2517,-2686,-2650,-2586,-2575,-2635,-2623,-2660,-2689,-2553,-2596,-2611,-2606,-2619,-2633,-2738,-2644,-2621,-2598,-2658,-2577,-2680,-2665,-2660,-2567,-2614,-2657,-2649,-2643,-2630,-2658,-2587,-2598,-2573,-2656,-2687,-2593,-2539,-2643,-2563,-2653,-2614,-2612,-2601,-2630,-2614,-2543,-2532,-2583,-2673,-2654,-2576,-2619,-2585,-2622,-2637,-2545,-2705,-2670,-2652,-2615,-2624,-2648,-2650,-2673,-2680,-2659,-2587,-2706,-2581,-2686,-2710,-2678,-2628,-2660,-2669,-2666,-2612,-2600,-2589,-2606,-2530,-2548,-2665,-2626,-2523,-2583,-2664,-2697,-2688,-2656,-2666,-2639,-2614,-2573 };

#define tailleSignal1_z440 991
 int signal1_z440[tailleSignal1_z440] = {
16216,16216,16004,16003,16123,16053,16102,16105,16158,16125,16190,16256,16174,16080,16070,16053,16024,16064,16182,16279,16250,16229,16182,16264,16478,16550,16532,16472,16212,16284,16295,16325,16265,16357,16219,16298,16424,16622,16862,16780,16653,16593,16691,16746,16575,16403,16404,16712,17111,17154,16906,16577,16510,16530,16645,16503,16784,16761,16753,16835,16778,16795,16871,16882,16922,17127,17200,17345,17293,17468,17912,18187,18294,18507,19236,21099,24520,25851,22090,20196,20391,21118,21634,22041,22715,23303,23856,23784,23913,24054,23396,23303,22843,22380,22340,22285,21922,21135,20390,20289,20715,20904,20443,19633,19032,18829,18593,17646,16551,16053,15670,15565,16010,16411,16972,17654,18280,19363,20030,20487,20902,21297,21414,21581,21662,21679,21675,21601,21441,21286,21006,20444,20087,19686,19371,19096,18686,18499,18424,18367,18242,18029,17841,17728,17626,17465,17467,17449,17552,17917,18265,18509,19152,19649,20426,20702,20857,20949,20829,20554,20192,19812,19631,19610,19569,19519,19277,19136,19064,19264,19252,19137,19110,19017,18780,18526,18256,18075,17782,17702,17798,17974,17829,17814,17936,18115,18360,18567,18817,19078,19377,19470,19714,19963,20275,20383,20452,20558,20571,20506,20443,20277,20117,19881,19511,19136,18913,18570,18307,18150,18022,17924,17807,17758,17384,17066,16808,16378,16286,16387,16464,16389,16655,16858,16949,17085,17131,17289,17461,17554,17816,17740,17802,18042,18158,18181,18316,18393,18441,18456,18422,18376,18277,18021,17710,17564,17472,17245,17224,17178,17029,16563,16621,17183,17483,17176,16785,16423,15934,15913,15865,16000,15927,15768,15458,15436,15651,15205,15344,15363,15299,15451,15320,15160,15278,15182,15262,15328,15233,15171,15193,15122,14946,14756,14550,14379,14173,13830,13492,13125,12876,12846,12870,12832,12841,12978,13264,13370,13417,13131,13286,13295,13471,13653,13728,13740,13624,13744,13674,13618,13557,13406,13147,12946,12909,12761,12680,12969,12972,12914,12650,12123,12078,11802,11758,11476,11173,10638,10329,10279,10020,9826,9830,9971,10196,10691,10954,11349,11769,12118,12478,12859,13283,13489,13595,13629,13312,13184,13211,13278,13521,13535,13876,13705,13234,12800,12681,12386,12062,11570,11286,10961,10536,10360,10210,9984,9727,9544,9473,9421,9493,9798,10129,10288,10405,10622,10802,10719,10689,10791,10778,10932,11090,11315,11424,11560,11667,11688,11560,11347,11109,10875,10655,10289,9893,9567,9341,9193,9032,9134,9166,9344,9665,10054,10431,10703,10829,10972,11152,10958,11022,11167,10981,10675,10431,9886,9513,9299,8899,8784,8665,8403,8189,7938,7615,7375,7114,6756,6649,6450,6388,6173,6193,6274,6370,6798,6840,6922,6929,7219,7261,7590,7719,7892,7857,8113,8264,8264,8292,8404,8648,8796,8814,8886,8879,8738,8581,8636,8521,8645,8615,8334,8182,7988,7737,7407,7184,7036,6867,6857,6892,6799,6873,6679,6684,6439,6572,6463,6446,6181,5930,5783,5729,5638,5600,5546,5618,5662,5798,5966,5992,6158,6334,6700,6980,7152,7337,7451,7606,7670,7598,7663,7649,7547,7569,7789,7670,7872,8090,8194,8227,8331,8547,8816,9049,9176,9513,9788,10030,10167,10365,10491,10845,10821,10952,11040,11056,11005,11043,11004,11013,10948,10825,10594,10361,10143,9930,9750,9616,9522,9428,9159,8883,8655,8350,8254,8276,8391,8549,8839,9218,9707,10296,11021,11655,12692,13395,14334,14833,15197,15705,16078,16374,16870,16926,16937,17048,17044,16842,16499,16106,15869,15459,15085,14784,14217,13697,13267,12632,11883,11225,10587,9844,9226,8591,7830,7560,7412,7359,7815,8328,9233,10070,10833,12070,13067,14457,15648,16502,17975,19042,19904,20785,21357,21701,22020,22224,22167,22014,21779,21421,21012,20646,20308,19799,19301,18874,18334,17860,17518,17106,16439,16337,16092,15964,15658,15811,15660,15566,15484,15169,15262,14706,15359,13231,14608,15990,16761,17640,18276,18739,19409,20141,20536,20922,21300,21536,21669,21657,21788,21251,21048,20640,20027,19633,19073,18694,18371,18033,17748,17630,17499,17455,17556,17541,17411,17263,17146,17048,16804,16447,15824,15532,15235,15195,15357,15714,16306,17046,17818,18619,19431,20259,21083,21877,22415,22884,23297,23566,23834,24084,24216,24259,24290,24272,24238,24143,23879,23479,22975,22740,22253,21782,21077,20668,20170,19633,19063,18666,18034,17527,17064,16868,16546,16020,15789,15808,16095,16556,17306,18145,19177,20624,22341,23551,24718,25696,26618,27580,28224,28590,29340,28436,28292,28392,27664,26458,25887,25248,24434,23690,22679,21551,20526,19548,18661,17489,17643,19153,20347,21269,22022,22283,22312,22424,22399,22447,22587,23810,29682,32767,32767,29775,28304,29068,27766,23598,19777,19634,19882,19545,19218,18638,16204,15072,14784,14678,14199,13764,13865,13706,13331,13003,12871,12936,12737,12246,11863,11632,11430,11256,12122,15576,21161,31475,32767,31275,22183,18864,15757,14807,15628,16476,16593,16443,16414,16965,17357,17679,17583,17108,16787,16552,16432,16266,16228,16092,16007,15950,15807,15700,15660,15552,15456,15483,15650,15866,16083,16113,16007,15916,15737,15455,15565,15792,16014,16307,16490,16518,16475,16999,16090,15305,15806,16138,16469,16580,16305,16188,16139,16205,16070,15475,14512,14029,16562,17566,17179,16434,15561,15868,15560,14746,12658,8509,8211,9553,12756,15881,29665,6879,2544,15185,22989,17247,13952,18186,16182,14576,16423,15670,16133,15869,15875,15883,16082,16128,16124,16009,15981,16074,16103,16080,16104,16154,16123,15970,16112,16058,15999,16072,16012,16005,16030,16052,16087,16083,16083,16037,16005,16133,16217,16032,16028,16090,16159,15964,16008,16100,16029,15935,16017,16003,16072,16052,16119,16094,16039,16038,16078,16047,16077,16096,15982,16225,16147,16156,16076,16031,16085,16122,16077,16039,16009,15925,16006,15987,16081,15921,15939,16018,16142,16040,16023,16011,16026,16055,16070,16063,16041,16102,16115,15988,16045,16033,16088,16069,16133,16101,15975,15987,16043,16080,16063,16150,16101,16052,16030,16107,16114,16130,16249,15979,16058,16151,16141,16140,16148,16024,16008,16057 };

#define tailleSignal2_x440 988
 int signal2_x440[tailleSignal2_x440] = {
372,346,303,292,259,400,269,339,299,302,426,424,428,356,436,374,324,389,406,362,366,415,427,418,424,419,408,379,389,357,341,415,327,352,379,357,409,395,364,293,329,287,305,326,280,241,289,368,419,408,344,329,348,340,352,432,332,362,305,354,428,358,430,294,261,320,383,420,331,343,322,284,264,357,330,286,341,390,365,425,506,483,383,557,498,430,340,448,546,600,571,711,836,678,639,512,611,610,432,97,2,44,98,176,59,-118,-305,-353,-429,-319,319,615,513,156,-7,-56,7,173,348,374,330,308,241,276,305,380,498,500,508,412,188,-12,-342,-688,-905,-1015,-1264,-1456,-1734,-1673,-1513,-1473,-1433,-1595,-1576,-1891,-2074,-2191,-2139,-1820,-1272,-710,-157,32,232,430,684,934,1202,1281,1378,1472,1587,1701,1843,1711,1619,1407,1231,1118,1095,901,668,469,503,733,948,1170,1274,1494,1702,1920,2501,2807,2788,2761,2679,2709,2702,2741,2884,2873,2790,2739,2725,2545,2235,2114,1947,1921,1822,1816,2002,2218,2403,2420,2453,2440,2492,2701,2876,3169,3312,3434,3562,3703,3848,3903,4017,4135,4129,4155,4237,4309,4235,4200,4153,4231,4180,4133,3969,3617,3454,3415,3363,3364,3200,2921,2798,2673,2423,2316,2332,2311,2491,2640,2448,2326,2313,2386,2434,2240,2773,2876,2885,2991,3296,3594,3706,3657,3609,3649,3700,3890,4135,4216,4055,3878,3763,3674,3597,3491,3266,3090,2958,2720,2585,2471,2349,2200,2045,1966,1991,2187,2239,2298,2204,1919,1889,2004,1984,2056,1889,1730,1628,1421,1352,1360,1381,1351,1269,1166,1110,1063,950,873,754,581,423,454,485,607,473,384,502,568,459,491,660,766,688,656,653,482,334,317,272,331,431,448,421,346,278,247,117,-40,-105,86,100,35,335,310,442,690,467,350,345,420,214,78,170,-33,-190,-249,-282,-313,-305,-205,-283,-288,-332,-423,-371,-373,-381,-491,-642,-768,-700,-667,-695,-684,-857,-828,-931,-913,-957,-1095,-905,-757,-652,-699,-673,-586,-760,-606,-768,-567,-541,-695,-711,-725,-730,-731,-602,-571,-621,-599,-689,-631,-519,-587,-434,-419,-298,-326,-170,-48,160,253,207,412,799,824,662,586,829,742,796,886,988,841,705,682,790,815,928,848,609,743,727,553,491,657,601,607,446,628,638,578,573,662,641,695,788,708,591,548,369,395,296,128,55,136,208,365,312,382,400,430,405,331,310,450,407,455,443,438,522,533,440,454,387,407,428,388,393,430,414,390,467,387,379,453,484,622,610,524,512,555,503,503,538,530,593,723,779,657,648,794,948,1043,1077,1130,1145,1120,1188,1262,1253,1317,1289,1287,1218,1106,1271,1167,1081,1112,1198,1170,1118,1105,1068,1060,1098,1002,915,950,997,1145,1233,1264,1192,1226,1255,1240,1258,1261,1325,1374,1385,1397,1284,1280,1241,1116,996,964,874,872,986,1093,987,956,984,999,847,952,982,1122,1221,1264,1196,1316,1373,1514,1633,1624,1583,1614,1659,1692,1744,1747,1675,1551,1632,1698,1639,1509,1328,1051,884,748,714,683,583,324,210,5,-68,-202,-188,-291,-286,-246,-117,12,1,28,172,357,569,761,964,1141,1228,1265,1281,1305,1400,1483,1556,1726,2229,2196,1078,889,993,788,502,394,325,366,250,154,171,20,-333,-633,-974,-1110,-1067,-1059,-1094,-844,-850,-728,-660,-519,-208,137,377,510,534,896,1208,1278,1356,1562,1731,1591,1541,1532,1479,1428,1391,1085,1261,1184,1137,806,369,14,-199,-372,-414,-433,-452,-459,-412,-384,-370,-396,-390,-343,-268,-89,83,224,399,674,888,1164,1467,1791,2091,2360,2515,2635,2871,2959,3006,2929,2811,2664,2492,2237,2075,1803,1593,1394,1218,922,682,546,268,168,220,263,332,348,252,143,27,-62,-21,117,197,217,272,295,434,492,636,895,1081,1232,1367,1527,1616,1863,2091,2208,2226,2143,1985,1870,1893,1876,1918,1735,1513,1344,1120,1442,2184,686,3,-358,-840,-1009,-997,-659,-564,-524,-547,-621,-749,-855,-940,-1054,-1193,-1262,-1235,-1159,-952,-691,-548,-374,-85,99,434,840,1074,1259,1378,1551,1775,2282,2061,1439,850,431,256,228,125,-136,-85,-184,-568,-591,-537,-814,-4257,-16034,-3861,13664,10863,1469,-4644,-2639,806,1870,1079,240,791,1895,1069,22,-761,-526,-385,-679,-880,-1797,-1943,-847,-312,-263,-384,-371,-33,101,201,82,-36,128,301,322,246,158,91,77,194,416,353,383,449,504,489,355,18,96,38,-10,-205,-277,-862,264,1505,1656,3398,3251,926,-1249,-1606,-877,-218,230,1060,1437,666,-492,-731,30,262,2,-81,205,322,39,-144,103,437,601,783,842,564,455,-17,149,-14,47,148,40,-63,33,236,889,1418,1639,1859,2071,2369,847,894,1086,2081,177,-355,88,707,984,718,420,502,625,743,705,603,559,498,658,741,682,551,590,491,584,608,571,522,549,584,626,567,515,548,529,536,517,574,554,563,588,565,527,523,575,668,564,633,539,705,541,507,494,607,604,581,530,567,560,578,577,609,646,581,588,621,635,588,589,589,533,589,626,603,617,592,593,517,542,605,587,531,589,617,516,637,591,584,650,612,613,564,562 };

#define tailleSignal2_y440 988
 int signal2_y440[tailleSignal2_y440] = {
-2604,-2465,-2487,-2453,-2468,-2468,-2517,-2570,-2555,-2542,-2441,-2455,-2416,-2415,-2491,-2536,-2544,-2499,-2479,-2523,-2545,-2559,-2561,-2528,-2510,-2509,-2474,-2464,-2525,-2576,-2598,-2514,-2484,-2520,-2621,-2480,-2402,-2469,-2474,-2416,-2485,-2545,-2521,-2481,-2470,-2454,-2391,-2396,-2410,-2406,-2465,-2469,-2442,-2417,-2389,-2491,-2449,-2437,-2323,-2381,-2387,-2361,-2374,-2186,-2287,-2371,-2446,-2538,-2545,-2504,-2473,-2535,-2512,-2488,-2493,-2557,-2578,-2561,-2527,-2498,-2413,-2277,-2429,-2352,-2160,-2068,-1789,-1776,-1740,-1614,-1751,-1637,-1444,-1325,-1323,-1271,-1204,-1181,-1344,-1759,-1843,-2087,-2184,-2151,-2046,-1921,-2237,-2451,-2746,-3071,-3603,-4254,-4606,-4482,-4043,-3588,-3371,-3128,-3130,-3187,-3283,-3293,-3305,-3255,-3059,-3052,-3128,-3226,-3498,-3532,-3554,-3616,-3680,-3821,-4056,-4201,-4396,-4477,-4695,-4615,-4399,-4271,-4080,-3835,-3606,-3427,-3218,-3029,-2859,-2561,-2306,-2219,-1985,-1885,-1988,-2095,-2206,-2509,-3103,-3551,-3730,-3911,-3969,-4165,-4806,-4940,-5161,-5195,-5579,-5601,-6070,-6516,-6864,-7105,-7293,-7348,-6993,-6101,-5545,-5135,-4622,-4180,-3680,-3031,-2545,-2397,-2236,-2132,-2056,-1988,-2037,-2054,-2122,-2360,-2799,-2964,-3242,-3601,-4168,-4526,-4747,-5005,-5122,-5107,-4990,-4884,-4737,-4561,-4392,-3998,-3741,-3674,-3475,-3184,-2894,-2782,-2840,-2810,-2754,-2574,-2391,-2231,-2110,-2064,-2067,-2225,-2397,-2495,-2627,-2705,-2726,-2885,-3009,-3104,-3366,-3552,-3829,-4106,-4333,-4557,-4707,-4816,-4823,-4700,-4816,-5147,-5045,-4910,-4845,-4745,-4600,-4175,-3683,-3424,-3050,-2451,-2388,-2113,-1942,-1866,-1792,-1477,-1337,-1292,-1527,-1929,-2523,-3075,-3544,-4116,-4588,-4774,-5005,-5482,-5953,-6314,-6546,-6624,-6678,-6755,-6851,-6746,-6615,-6447,-6360,-6093,-5849,-5513,-5228,-4711,-4384,-4114,-4049,-3951,-3919,-3596,-3386,-3507,-3703,-3876,-4088,-4425,-4808,-5129,-5583,-6141,-6604,-6959,-7446,-7622,-7731,-8013,-8094,-7904,-7897,-7676,-7462,-7438,-7479,-7129,-6959,-6725,-6400,-6304,-6219,-6006,-5740,-5487,-5410,-5408,-5441,-5576,-5719,-5719,-5567,-5583,-5583,-5799,-5853,-5616,-5913,-5921,-6985,-7583,-7263,-7685,-7896,-8018,-8118,-8249,-8580,-8632,-8889,-8715,-8424,-8271,-7920,-7851,-7614,-7466,-7062,-6635,-6588,-6632,-6574,-6351,-6133,-5888,-6052,-6332,-6234,-5943,-6117,-6552,-6714,-7128,-7490,-7397,-7396,-7659,-7765,-7891,-8003,-8091,-7593,-7877,-8005,-8331,-8530,-7955,-7405,-7042,-6848,-6607,-6554,-6314,-6233,-6365,-6097,-6130,-6044,-5848,-6131,-6041,-6049,-5670,-5924,-5888,-6078,-6066,-5863,-6003,-6137,-5966,-5760,-5295,-5552,-5396,-5210,-5305,-5323,-5005,-4733,-4637,-4916,-4727,-4628,-4282,-3914,-4000,-4036,-4212,-4096,-4198,-3987,-4013,-3723,-3811,-3910,-3965,-3802,-3896,-4195,-4505,-4671,-4762,-4800,-4959,-4897,-5415,-5377,-5139,-4879,-4856,-4618,-4584,-4370,-4211,-4119,-4100,-3994,-4091,-4207,-4288,-4107,-4346,-4292,-4577,-4732,-4857,-4895,-4856,-5025,-4972,-4954,-5035,-5035,-4961,-5024,-5077,-5178,-5158,-5089,-4951,-5076,-5013,-5198,-5220,-5302,-5319,-5278,-5012,-5217,-5472,-5574,-5552,-5582,-5336,-5149,-5258,-5318,-5326,-5250,-5080,-5048,-5102,-5147,-5060,-4944,-4766,-4670,-4677,-4654,-4624,-4653,-4665,-4746,-4700,-4688,-4730,-4824,-4744,-4788,-4755,-4826,-4797,-4789,-4881,-4969,-5016,-5100,-5326,-5466,-5482,-5484,-5462,-5352,-5211,-5106,-4970,-4821,-4757,-4735,-4661,-4541,-4299,-4220,-4064,-3890,-3735,-3722,-3709,-3780,-3785,-3962,-3864,-3767,-3665,-3536,-3472,-3334,-3453,-3555,-3712,-3771,-3866,-3919,-3819,-3741,-3668,-3480,-3441,-3595,-3610,-3600,-3646,-3786,-3846,-3718,-3606,-3516,-3507,-3457,-3423,-3547,-3429,-3381,-3400,-3529,-3463,-3486,-3536,-3508,-3408,-3325,-3239,-3199,-3001,-2906,-2626,-2427,-2270,-2080,-1933,-1907,-1885,-1830,-1780,-1700,-1634,-1524,-1462,-1365,-1292,-658,-508,-1470,-1486,-1362,-1268,-1041,-1193,-1418,-1446,-1623,-1722,-1811,-1884,-2176,-2447,-2897,-3407,-2965,-2726,-3263,-2182,-3018,-2585,-1472,-2214,-1539,-1100,-1494,-1936,-2004,-971,-86,-137,-174,211,305,230,227,245,213,230,74,231,-182,-477,-643,-847,-890,-976,-1050,-1296,-1581,-1801,-1978,-2100,-2183,-2181,-2297,-2334,-2220,-2043,-1896,-1686,-1505,-1223,-1006,-811,-498,3,677,1203,1655,2013,2277,2498,2594,2611,2550,2458,2351,2116,1947,1728,1668,1390,1094,823,599,246,-9,-347,-556,-810,-994,-1203,-1733,-1929,-2021,-2053,-2163,-2227,-2229,-2154,-2128,-2012,-1853,-1522,-1207,-734,-95,559,1138,1629,2030,2514,2875,3248,3470,3602,3641,3634,3441,3089,2732,2581,2396,2130,1806,1420,1074,906,824,-807,-758,-861,-1225,-1585,-2086,-2745,-2835,-2685,-2451,-2413,-2421,-2343,-2281,-2091,-1888,-1683,-1284,-874,-465,2,395,739,1173,1587,2026,2590,2835,3046,3273,3079,3050,3227,2784,2036,1162,732,430,40,-517,-866,-1627,-1636,-1664,-1908,-1974,-1747,846,6810,-5199,-11289,-2075,756,-1465,-5304,-5737,-4584,-4365,-1850,-3307,-1360,447,819,-25,1637,679,1280,983,636,620,-154,-134,-325,-543,-809,-990,-1136,-1157,-1200,-1314,-1333,-1220,-1117,-1126,-1203,-1366,-1400,-1168,-1197,-1015,-1319,-1534,-1413,-1577,-1892,-1777,-2079,-2232,-2221,-2510,-2431,-2550,-5300,-6127,-7632,-7662,-5079,-3018,-2075,-1753,-1617,-1632,-1849,-874,-2507,-4473,-3305,-2326,-1955,-2466,-2931,-3014,-2633,-2155,-2116,-2441,-2694,-2532,-2348,-2595,-2802,-2993,-2687,-2695,-2899,-3168,-3251,-3125,-2937,-2757,-2554,-2132,-1042,-542,-782,-765,-722,-1322,-1205,-2694,-11552,-973,-3109,-2436,-1441,-2687,-3513,-2891,-2596,-2449,-2639,-2935,-2775,-2625,-2680,-2669,-2746,-2805,-2744,-2565,-2554,-2722,-2741,-2731,-2707,-2676,-2692,-2643,-2637,-2578,-2527,-2631,-2719,-2623,-2752,-2612,-2629,-2690,-2701,-2688,-2646,-2639,-2613,-2714,-2642,-2628,-2693,-2653,-2582,-2718,-2682,-2664,-2663,-2654,-2682,-2688,-2653,-2730,-2759,-2654,-2580,-2656,-2732,-2672,-2717,-2685,-2785,-2750,-2727,-2679,-2650,-2643,-2723,-2727,-2666,-2630,-2559,-2615,-2673,-2712,-2716,-2691,-2646,-2651,-2563,-2677,-2671,-2698,-2717,-2642,-2635 };

#define tailleSignal2_z440 997
 int signal2_z440[tailleSignal2_z440] = {
16164,16061,15983,16007,16002,16047,16044,16181,16144,16082,16069,16194,16158,16118,16047,16061,16096,16084,16067,16034,16042,16070,16133,16146,16108,16147,16059,16116,16166,16193,16177,16127,16026,15972,16022,16130,16133,16067,16027,16057,16030,16100,16096,16019,16133,16110,16029,16066,16141,16133,16120,16191,16145,16117,16129,16150,15983,16106,16093,16076,16124,16203,16282,16153,16309,16391,16261,16219,16099,16231,16117,16021,16126,16249,16271,16288,16346,16321,16295,16359,16345,16250,16375,16377,16529,16762,16818,16983,17202,17405,17400,17273,17409,17378,17336,17293,17301,17200,17068,16944,16950,17467,17488,17468,17408,17429,17504,17849,18316,18737,19783,21183,22234,22877,22936,23237,23673,24371,24952,25759,26317,26706,27066,27458,27823,28231,28588,28710,29002,29044,28980,28741,28434,27836,27343,26824,26314,25840,25569,25050,24496,24192,23849,23541,23358,22591,22165,21679,21613,21421,21441,21879,22466,22969,23311,23621,23933,24257,24544,24806,24942,25093,25338,25495,25796,26092,26266,26003,26122,25908,25976,25919,25877,25987,26073,26072,25823,25672,25537,25387,25329,25161,25317,25460,25345,25215,24947,24773,24543,24280,23917,23343,22937,22561,22278,21775,20978,20407,19772,19368,18729,18155,17662,17108,16459,15998,15725,15501,15293,15175,15072,15217,15315,15553,15856,16112,16461,16813,17002,17173,17187,17234,17229,17138,17265,17072,17214,17050,17069,17015,16784,16613,16331,16158,15744,15602,15575,15329,15051,14896,14833,14659,14346,14060,13939,13970,13654,13315,13070,13017,12614,12101,11806,11580,11306,10785,10664,10440,10330,10324,10022,9594,9518,9749,10189,10642,11165,11556,11749,12020,12300,12290,12298,12594,12813,12808,12730,12692,12520,12180,11996,11599,11400,11248,11215,10886,10431,9701,9114,8434,7781,7370,7157,6695,6365,5841,5350,5472,5770,6038,6465,7116,7831,8317,9034,10107,10747,11513,12425,12910,13449,14021,14348,14391,14535,14636,14437,14161,14228,13873,13652,13287,12831,12392,11931,11489,11048,10757,10601,10500,10430,10224,9936,9794,9596,9476,9503,9886,10105,10012,10652,11032,11950,12640,12765,13603,13953,14154,14163,13995,13977,13822,13445,13206,12681,12374,12081,12002,11870,11891,11705,11515,11479,11536,11575,11282,11138,11031,11108,11464,11568,11457,11250,11323,11404,11710,11962,11980,11985,12188,12351,12532,12788,12741,12420,12540,12318,12316,12283,11780,11129,10687,10141,9704,9398,9061,8877,8816,8345,8092,8048,7947,8021,8156,8331,8166,8541,8746,9198,9425,9417,9895,10364,10436,10336,10156,10471,10413,10069,9982,9758,9311,8703,8289,8023,7553,7337,6855,6478,6400,6222,6100,5859,6197,6028,5927,5760,5953,6215,6291,6287,6584,6937,7323,7638,7696,7890,8151,8268,8528,8275,7845,7645,7607,7414,7180,6979,6863,6710,6668,6581,6652,6756,6816,6769,7072,7019,7256,7279,7496,7649,7696,7802,7928,7975,8008,8041,8122,8274,8398,8411,8578,8916,8837,9088,9326,9473,9558,9735,9847,9739,9600,9767,9847,9757,9696,9770,9697,9682,9844,10043,10110,10078,10159,10279,10393,10376,10317,10518,10561,10570,10491,10659,10679,11059,11272,11285,11432,11623,11681,11879,11969,12282,12176,12381,12542,12607,12606,12578,12598,12762,12839,12920,12983,12918,12773,12658,12524,12276,12183,12214,12070,12138,12207,12041,11884,11843,11928,11826,12037,12080,12497,12713,13119,13511,13400,13628,13888,14183,14378,14447,14564,14737,15067,15098,15102,15116,15061,14998,14883,14644,14489,14476,14301,14016,13781,13573,13361,12920,12602,12241,11779,11582,11333,10866,10786,10753,10896,11065,11294,11683,12018,12401,13182,13824,14453,15410,16142,16767,17624,18235,18793,19523,20017,20359,20749,21017,21105,21124,21094,20766,20392,19963,19611,19078,18413,17316,16312,15841,15242,14678,13959,13275,12605,12660,12441,12348,12347,12270,12176,12387,12761,12389,12303,12822,12316,13605,13888,13945,15668,16269,16968,18137,19444,20818,20811,20926,21699,22335,22455,22627,22968,22912,22817,22756,22786,22614,22565,22163,21459,21126,20703,20264,19745,19057,18399,18127,17756,17252,16914,16580,16182,15993,15804,15443,15295,14996,14965,14888,15001,15129,15445,15871,16350,17040,17741,18469,19172,19841,20575,21349,22004,22172,22561,22603,22525,22528,22364,22266,21971,21687,21368,21052,20651,20408,20129,19876,19671,19486,19288,19009,18889,18806,18462,18237,17998,17580,17175,17031,16774,16464,16195,16002,15711,15718,15875,16054,16457,16987,17640,18128,18699,19326,19852,20230,20639,21153,21587,21970,22385,22747,23348,23882,24056,24225,24561,25063,24270,23633,23565,23604,23510,23516,22999,22729,22430,21832,21445,20784,20162,19595,18843,18159,17554,16792,16123,15551,15127,14972,14865,14903,15005,15146,15625,16108,16737,17727,18470,18916,19580,19778,20287,20599,20685,20974,21425,21888,22227,22884,22642,22489,22449,22456,22410,22765,28527,31987,27521,24119,26274,29152,29147,26780,26419,27673,24813,24362,22327,21086,19902,19184,16647,16702,15847,15681,14782,14401,15182,15494,15685,15902,16162,16426,16325,16168,16165,16136,15997,15886,15781,15632,15426,15282,15267,15063,15179,14846,15132,15018,14874,15151,15248,14629,14942,15096,15215,15410,15194,15554,19610,23454,27407,23087,18582,17424,17128,16640,16425,16575,16706,17668,17291,16911,17817,16946,15638,15622,16101,16164,15652,15334,15452,15575,15461,15729,16085,16374,16656,16315,16044,15848,15837,15749,15878,16020,15908,15657,15590,15691,15669,15625,15959,15698,15357,15430,15276,16821,26495,12391,16712,17047,15076,15925,16798,16184,16166,15944,16028,16189,16101,15981,15950,16029,16052,15925,16051,16016,15961,16164,16067,16087,16180,16064,16065,15962,16033,16091,16074,16088,16009,15960,16034,16090,16114,16108,16066,16080,16106,16022,16113,16026,16001,16018,16077,16193,16095,16061,16074,16057,16050,16043,16029,16055,16026,16011,16062,16059,16027,15995,15964,16106,16101,16092,16110,15981,15948,16099,16124,16036,16072,16095,16021,16072,16053,16019,16021,16055,15965,16021,16083,16137,16008,15979,15965,16078,15980,15882,15953 };

#define tailleSignal3_x440 997
 int signal3_x440[tailleSignal3_x440] = {
464,404,456,410,328,418,579,515,501,419,493,462,493,460,472,507,480,363,318,357,348,310,313,347,330,244,212,314,390,274,339,392,408,423,457,393,442,415,443,486,467,425,447,472,476,358,371,492,495,498,587,651,768,918,1099,1066,763,345,-30,-49,66,198,336,638,460,478,483,615,1781,1941,1274,-137,-554,-161,360,549,545,542,599,935,1315,1180,541,-710,-1290,-1553,-1277,-805,-681,-856,-854,-882,-1094,-1165,-1261,-1431,-1392,-1564,-1537,-1498,-1386,-1365,-1335,-1214,-1248,-1225,-1266,-1295,-1258,-1299,-1299,-1185,-1090,-1022,-920,-884,-976,-1036,-1219,-1247,-1322,-1406,-1457,-1531,-1777,-1863,-2065,-2280,-2480,-2684,-2811,-3024,-3245,-3541,-3942,-4222,-4324,-4265,-4148,-4074,-4071,-4161,-4171,-4096,-4145,-4291,-4321,-4495,-4576,-4542,-4446,-4409,-4279,-4239,-4070,-3851,-3766,-3840,-3976,-4095,-4068,-4042,-4029,-3989,-3957,-3996,-3969,-4031,-3983,-4102,-4247,-4318,-4339,-4363,-4343,-4338,-4273,-4140,-4146,-4035,-3958,-3847,-3838,-3894,-3879,-3775,-3794,-3835,-3767,-3630,-3520,-3498,-3455,-3459,-3316,-3137,-3172,-2986,-3065,-3013,-2959,-2944,-2952,-2897,-2806,-2702,-2704,-2772,-2891,-2934,-2805,-2709,-2525,-2298,-2284,-2078,-2092,-2019,-1922,-1840,-1767,-1672,-1639,-1572,-1535,-1513,-1486,-1509,-1375,-1293,-1197,-1155,-1010,-1018,-988,-988,-915,-826,-628,-581,-578,-528,-550,-518,-531,-551,-743,-491,-553,-413,-379,-290,-218,-219,-173,-240,-243,-241,-200,-162,-40,-114,-224,-39,-136,-62,-172,-184,-157,-93,30,95,144,253,211,221,382,394,421,447,669,723,777,945,1040,1150,1341,1447,1453,1556,1683,1757,1844,1855,1850,1872,1955,2011,2098,2271,2404,2664,2653,2762,2776,2745,2699,2656,2645,2739,2666,2664,2598,2610,2692,2761,2824,2798,2692,2620,2544,2439,2513,2686,2736,2924,3134,3210,3448,3508,3489,3535,3609,3552,3493,3549,3567,3510,3554,3612,3661,3537,3608,3654,3736,3851,3983,3973,3927,4043,4095,4062,4144,4210,4136,4110,4048,4037,3994,3982,4024,3979,3949,3675,3644,3767,3633,3730,3813,3856,4041,4114,4059,4006,3939,3897,3915,3932,4015,4061,4011,3989,4038,4135,4107,4104,4098,4007,4051,3985,3900,3958,3844,3921,3903,3996,3890,3846,3838,3780,3659,3612,3538,3466,3414,3388,3325,3240,3201,3104,3105,3205,3171,3236,3268,3310,3334,3355,3430,3460,3571,3477,3330,3475,3518,3534,3737,3844,3855,3838,3833,3859,3731,3782,3741,3660,3625,3800,3673,3679,3625,3527,3503,3406,3381,3438,3408,3479,3550,3645,3616,3478,3483,3638,3756,3700,3694,3819,3794,3805,3820,3856,3846,3971,4048,4014,3978,4064,4091,4066,4228,4187,4232,4220,4195,4164,4287,4377,4522,4728,4926,4942,4984,4965,4893,5038,5040,5082,5246,5390,5469,5516,5522,5572,5584,5554,5444,5535,5469,5419,5488,5416,5414,5494,5475,5492,5505,5559,5607,5581,5452,5393,5396,5297,5241,5367,5247,5300,5164,5032,5021,4939,4790,4585,4425,4324,4339,4370,4223,4186,3980,3843,3669,3623,3555,3393,3269,3299,3312,3259,3224,3211,3207,3309,3280,3242,3129,3049,3036,3111,2992,2943,2849,2719,2653,2463,2383,2397,2311,2234,2160,2035,1989,1899,1755,1709,1753,1625,1665,1799,1883,1897,1879,1954,2122,2182,2096,2132,2247,2266,2357,2325,2221,2225,2212,2117,2027,1682,1613,1566,1384,1396,1324,1136,1102,1018,908,825,667,640,497,499,414,409,599,647,684,862,955,1027,1178,1151,1096,1276,1427,1565,1744,1797,1742,1859,1871,1735,1568,1593,1550,1466,1318,1129,956,808,632,439,163,-62,-165,-168,-171,-255,-257,-361,-445,-553,-665,-721,-698,-719,-839,-854,-996,-924,-971,-994,-1045,-1081,-1105,-1107,-1093,-1144,-1229,-1301,-1294,-1281,-1300,-1255,-1331,-1402,-1319,-1457,-1510,-1443,-1496,-1589,-1620,-1844,-1901,-1908,-1908,-1988,-2191,-2244,-2358,-2513,-2668,-2681,-2738,-2820,-2897,-2898,-2894,-2956,-2985,-3189,-3122,-3182,-3192,-3304,-3353,-3281,-3166,-3104,-3055,-2869,-2815,-2692,-2693,-2564,-2532,-2314,-2349,-2259,-2263,-2239,-2256,-2169,-2094,-1982,-1957,-1973,-2025,-1840,-1920,-1765,-2039,-1792,-1767,-1856,-1872,-1828,-1710,-1622,-1593,-1391,-1304,-1345,-1294,-1206,-1140,-911,-869,-574,-584,-301,-13,-20,189,242,506,688,730,846,1080,1162,1298,1306,1455,1406,1754,1836,1999,2235,2223,2449,2584,2663,2803,2938,3052,3215,3334,3332,3335,3438,3359,3442,3606,3701,3791,3806,3839,3924,4007,4056,4103,4166,4148,4144,4141,4216,4162,4175,4152,4133,4195,4184,4227,4331,4361,4360,4396,4529,4684,4714,4754,4688,4647,4535,4587,4642,4491,4481,4416,4335,4250,4125,4080,3997,3945,3867,3726,3613,3330,3468,3333,3202,3091,3024,2978,2877,2753,2754,2692,2611,2493,2390,2373,2147,2042,1932,1917,1772,1800,1776,1758,1727,1744,1729,1706,1677,1693,1719,1717,1780,1877,1933,1969,1958,1853,1751,1768,1688,1525,1642,1410,1332,1212,1172,1098,994,893,832,654,546,550,472,340,289,114,23,-39,-117,-175,-102,-46,-117,-222,-326,-333,-406,-430,-550,-797,-865,-1174,-1359,-1399,-1601,-1739,-1916,-2095,-2325,-2464,-2457,-2673,-2803,-2830,-2946,-2937,-2936,-2957,-2939,-2922,-2942,-3054,-3126,-3097,-3111,-3145,-3285,-3342,-3355,-3230,-3158,-3172,-3168,-3116,-3003,-2972,-3255,-3215,-3124,-3127,-3205,-3337,-3285,-3262,-3252,-3275,-3335,-3453,-3498,-3444,-3410,-3435,-3453,-3443,-3435,-3404,-3410,-3420,-3326,-3238,-3346,-3354,-3300,-3227,-3196,-3192,-2978,-2832,-2728,-2602,-2586,-2553,-2424,-2500,-2311,-2471,-2386,-2370,-2380,-2465,-2394,-2329,-2408,-2341,-2189,-2057,-1976,-1913,-1950,-1989,-1935,-1881,-1736,-1765,-1681,-1553,-1404,-1274,-1193,-1040,-971,-886,-765,-850,-830,-599 };

#define tailleSignal3_y440 997
 int signal3_y440[tailleSignal3_y440] = {
-2492,-2457,-2422,-2419,-2441,-2454,-2421,-2455,-2489,-2467,-2417,-2510,-2485,-2473,-2463,-2411,-2448,-2465,-2444,-2458,-2405,-2357,-2449,-2474,-2404,-2473,-2503,-2475,-2395,-2388,-2425,-2443,-2361,-2398,-2382,-2450,-2491,-2386,-2361,-2452,-2445,-2440,-2406,-2372,-2394,-2398,-2364,-2336,-2312,-2309,-2266,-2103,-1892,-1497,-1089,-1349,-1981,-2238,-2924,-2912,-2659,-2528,-2318,-2214,-2290,-2489,-2502,-2433,-461,-776,-1678,-3310,-3944,-3656,-3108,-2858,-2999,-3452,-4134,-5428,-7319,-7801,-6777,-5511,-4938,-4769,-4288,-4124,-4407,-4515,-4730,-4762,-5068,-5330,-5529,-5692,-5279,-5522,-5711,-5624,-5769,-5734,-5757,-5673,-5479,-5354,-5021,-4680,-4495,-4324,-4189,-4111,-4036,-3933,-3921,-3804,-3688,-3492,-3436,-3345,-3227,-3150,-3027,-2965,-3102,-3052,-3165,-3295,-3415,-3706,-3880,-4049,-4249,-4330,-4489,-4626,-4715,-4862,-5026,-5106,-5056,-4972,-5010,-5183,-5370,-5338,-5308,-5075,-4846,-4735,-4588,-4268,-4173,-3824,-3526,-3306,-2960,-2771,-2326,-2021,-1745,-1651,-1618,-1624,-1543,-1663,-1634,-1831,-1867,-1826,-1869,-2009,-2072,-2053,-2076,-2194,-2201,-2240,-2304,-2404,-2342,-2379,-2078,-2039,-1894,-1736,-1704,-1632,-1524,-1400,-1350,-1222,-1084,-989,-912,-739,-627,-454,-386,-215,-189,36,112,143,172,232,258,268,221,168,156,121,46,25,-29,-390,-426,-448,-398,-414,-369,-582,-774,-702,-707,-703,-597,-436,-239,-112,23,154,250,289,623,485,374,258,382,452,371,312,247,177,167,259,167,84,90,108,131,111,35,-1,14,-82,-225,-358,-355,-362,-456,-416,-593,-573,-327,-297,-227,-306,-347,-375,-509,-693,-803,-898,-883,-859,-906,-930,-1001,-918,-1017,-1049,-966,-937,-829,-670,-562,-486,-387,-356,-383,-461,-432,-473,-409,-282,-170,-110,11,149,39,123,67,101,-179,-219,-268,-488,-511,-556,-575,-579,-535,-529,-593,-460,-292,-217,-147,-112,-76,-13,-56,-46,-101,-92,-191,-244,-211,-248,-422,-559,-695,-879,-806,-1079,-1099,-1177,-1204,-1135,-1205,-1212,-1162,-1192,-1219,-1287,-1481,-1596,-1612,-1656,-1651,-1632,-1688,-1682,-1638,-1680,-1768,-1820,-1821,-1881,-1940,-1941,-2020,-2023,-2171,-2091,-2077,-2028,-1907,-1875,-1835,-1872,-1876,-1861,-1800,-1813,-1744,-1810,-1975,-2124,-2340,-2501,-2548,-2628,-2653,-2715,-2923,-3099,-3230,-3331,-3321,-3364,-3576,-3625,-3631,-3680,-3884,-3910,-3964,-4139,-4236,-4353,-4383,-4440,-4497,-4487,-4478,-4456,-4309,-4121,-4001,-3847,-3678,-3569,-3441,-3294,-3223,-3086,-2829,-2700,-2582,-2285,-2165,-2040,-1934,-1810,-1778,-1696,-1689,-1658,-1698,-1735,-1814,-1932,-1821,-1847,-1813,-1932,-1941,-2044,-2129,-2155,-2199,-2199,-2262,-2290,-2291,-2247,-2178,-2203,-2087,-2017,-1947,-1764,-1778,-1720,-1727,-1509,-1440,-1256,-1228,-1253,-1246,-1282,-1368,-1436,-1412,-1351,-1208,-1182,-1007,-948,-951,-807,-670,-596,-476,-344,-133,-30,23,77,149,132,337,169,71,-107,-217,-284,-327,-441,-437,-493,-534,-630,-640,-618,-720,-850,-983,-1084,-1012,-1160,-1158,-1114,-1046,-960,-901,-750,-651,-591,-648,-646,-600,-557,-608,-723,-915,-744,-1143,-1086,-1141,-1168,-1337,-1442,-1565,-1745,-1988,-2157,-2420,-2568,-2876,-3091,-3276,-3456,-3793,-4001,-4090,-4140,-4206,-4401,-4546,-4704,-4683,-4563,-4249,-4221,-4070,-4224,-4172,-4239,-4171,-4191,-4217,-4241,-4234,-4320,-4470,-4651,-4645,-4732,-4960,-5250,-5458,-5537,-5857,-5903,-6005,-6078,-6159,-6148,-6162,-6115,-6096,-6136,-6074,-6048,-6059,-6223,-6328,-6657,-6674,-6539,-6624,-6609,-6810,-6821,-6802,-7059,-7026,-7238,-7347,-7491,-7586,-7774,-7518,-7655,-7663,-7792,-7828,-8009,-8158,-8124,-8096,-8127,-8289,-8528,-8504,-8395,-8176,-8020,-7531,-7302,-7144,-6818,-6444,-6135,-6014,-5912,-5696,-5582,-5516,-5522,-5484,-5327,-5308,-5426,-5521,-5684,-6013,-6164,-6102,-6082,-6022,-5809,-5672,-5699,-5695,-5710,-5665,-5680,-5750,-5836,-5828,-6031,-6159,-6309,-6280,-6461,-6528,-6595,-6679,-6762,-6792,-6766,-6715,-6654,-6585,-6506,-6436,-6282,-6121,-5990,-5800,-5735,-5608,-5351,-5147,-4960,-4901,-4812,-4816,-4758,-4681,-4750,-4833,-4902,-5025,-5125,-5180,-5389,-5450,-5396,-5395,-5335,-5215,-5175,-5220,-5226,-5189,-5204,-5193,-5145,-5011,-4814,-4596,-4151,-3875,-3611,-3474,-3362,-3286,-3092,-2973,-2676,-2668,-2486,-2528,-2463,-2481,-2409,-2278,-2106,-2132,-2208,-2135,-2112,-2196,-2196,-2302,-2206,-2091,-1826,-1856,-1642,-1522,-1454,-1461,-1592,-1728,-1840,-1727,-1469,-1170,-1020,-730,-591,-354,-222,21,225,480,722,737,957,996,1222,1393,1572,1653,1854,1991,2087,2285,2384,2419,2719,2671,2764,2862,3079,3246,3542,3667,3610,3694,3706,3682,3609,3519,3406,3458,3399,3219,3184,3132,3085,3043,2990,2948,2803,2617,2462,2220,2049,1861,1756,1547,1319,1185,1162,957,723,646,569,498,441,369,271,235,107,139,140,113,252,297,227,89,18,15,-5,23,49,-5,-99,-169,-178,-256,-414,-567,-700,-805,-892,-1023,-1132,-1202,-1315,-1361,-1409,-1419,-1520,-1675,-1826,-1986,-2118,-2281,-2439,-2536,-2755,-2826,-2892,-3128,-3202,-3239,-3312,-3387,-3418,-3503,-3632,-3765,-3879,-3865,-3895,-4041,-4160,-4278,-4347,-4375,-4423,-4358,-4309,-4257,-4161,-4304,-4509,-4780,-5010,-4986,-5069,-5117,-5082,-5226,-5230,-5268,-5332,-5294,-5313,-5283,-5204,-5159,-5100,-5089,-5111,-5089,-5074,-4989,-4874,-4709,-4622,-4465,-4463,-4533,-4506,-4480,-4482,-4546,-4484,-4553,-4734,-4740,-4824,-4887,-4862,-4779,-4624,-4453,-4300,-4173,-4093,-4006,-4026,-4139,-4187,-4166,-4119,-4108,-4107,-4153,-4119,-4063,-3966,-3908,-3743,-3619,-3603,-3569,-3359,-3439,-3349,-3293,-3107,-3114,-3074,-3086,-3048,-3008,-3065,-3121,-3124,-3120,-3086,-2999,-2924,-2872,-2805,-2766,-2729,-2616,-2532,-2602,-2362,-2373,-2307,-2191,-2036,-1881,-1754,-1606,-1525,-1377,-1273,-1209,-1090,-929,-983,-794,-896,-848,-949,-935,-1037,-1048,-927,-847,-854,-900,-879,-913,-1047,-1036,-1112,-1157,-1198,-1256,-1208,-1122,-1095,-1016,-923,-783,-646,-642,-599,-541,-638,-603 };

#define tailleSignal3_z440 997
 int signal3_z440[tailleSignal3_z440] = {
16068,16156,16123,16015,16130,16035,16143,16098,16092,16155,16038,16069,16065,16030,16042,16143,16210,16145,16092,16123,16133,16098,16101,16162,16205,16193,16106,16153,16101,16060,16169,16187,16094,16042,16202,16110,16226,16104,16082,16151,16049,16240,16286,16219,16216,16317,16229,16129,16181,16227,16320,16410,16397,16487,16729,16983,16875,16665,16524,16354,16411,16584,16729,16751,16861,16971,16795,16690,17726,17862,17032,16535,16104,15890,16243,16791,16995,17058,17300,18291,19784,19526,17991,16495,16175,16176,16032,16377,16929,17547,17591,17775,18181,18572,18799,19261,19109,19786,20335,20514,20714,20730,20906,21139,21253,21243,21267,21308,21306,21223,21048,20938,20873,20767,20655,20502,20391,20254,20040,19845,19793,19473,19395,19113,18894,18629,18362,17961,17803,17477,17219,16902,16501,16185,15880,15563,15281,15198,15409,15703,16009,16424,16867,17373,17862,18052,18301,18731,18974,19137,19470,19240,19396,19389,19330,19169,18959,18797,18419,18173,17845,17656,17523,17160,16851,16771,16582,16535,16493,16446,16345,16282,16243,16277,16210,16204,16143,16330,16351,16370,16294,16356,16334,16236,16147,16069,15983,15833,15659,15508,15325,15136,15036,14922,14835,14476,14440,14211,14124,13981,13876,13758,13726,13718,13628,13556,13529,13367,13177,13275,13335,13445,13820,13973,14241,14481,14638,14864,15040,15278,15409,15646,15746,15872,15903,15940,15914,15721,15759,15702,15704,15467,15403,15466,15274,15238,15288,15434,15390,15454,15440,15509,15489,15534,15404,15310,15187,15300,15319,15382,15376,15408,15385,15371,15366,15272,15203,15186,15250,15174,15205,15097,15231,15106,15081,14855,14757,14722,14614,14675,14782,14953,14994,15009,15091,15240,15399,15577,15535,15555,15656,15662,15740,15796,15875,15986,15990,16022,15969,15938,16075,16053,15964,16083,16094,15986,15821,15894,15831,16043,16032,16038,16211,16106,16221,16274,16331,16470,16475,16450,16459,16289,16204,16368,16410,16211,16156,15994,15788,15731,15685,15619,15601,15584,15566,15544,15671,15769,15868,15939,16308,16585,16560,16768,16799,16999,17225,17397,17512,17526,17665,17770,17775,17849,18003,18141,18328,18548,18705,18847,19004,19072,19194,19382,19338,19486,19498,19636,19406,19378,19226,19279,19079,18949,18781,18375,18138,18212,18107,18220,18088,18021,18002,17924,17876,17832,17643,17484,17485,17534,17598,17725,17828,17874,17918,18097,18236,18305,18562,18563,18492,18608,18472,18648,18633,18762,18873,18890,18931,18923,19052,18991,18801,18702,18714,18501,18323,18218,18039,17898,17761,17694,17664,17639,17609,17617,17678,17507,17455,17172,17073,16656,16652,16544,16166,16222,16131,15927,15967,15900,15948,16039,16015,16066,15956,16004,15962,16088,16078,16117,16212,16201,16091,16104,16285,16261,16048,16042,16053,15887,15833,15836,15821,15682,15772,15761,15741,15780,15703,15680,15661,15682,15652,15583,15627,15587,15411,15256,15092,15111,15005,14899,14720,14619,14475,14272,13841,13421,13026,12472,11944,11461,10990,10444,10207,9970,9767,9686,9727,9774,9778,9932,10048,10069,10241,10291,10270,10442,10649,10630,10821,10859,11050,11300,11406,11554,11517,11542,11598,11544,11665,11750,11889,11901,12158,12248,12419,12814,13187,13207,13508,13648,13854,13923,13993,14021,14088,14015,13937,14240,14331,14310,14357,14327,14507,14453,14427,14415,14438,14266,14312,14627,14696,14685,14646,14693,14582,14607,14339,14263,14136,14045,13904,13932,13791,13631,13670,13721,13774,13791,13932,13947,14097,14266,14576,14854,15493,15809,16149,16617,16915,17182,17602,17924,18166,18393,18501,18611,18782,19168,19319,19243,19055,18957,18863,18604,18573,18103,17988,17747,17243,17149,16824,16462,16076,15662,15138,15112,14793,14558,14332,14289,14287,14133,14014,14128,14452,14796,14958,15184,15394,15569,15904,16217,16541,16781,17226,17521,17990,18615,18989,19626,19748,20170,20426,20632,20637,20913,21136,21222,21273,21327,21123,20724,20430,20100,19611,19256,19013,18427,18119,17889,17325,17015,16459,16055,15846,15533,15030,14483,14085,13634,13250,12958,12382,11880,11762,11638,11452,11321,11171,11063,11133,11214,11375,11579,11858,12242,12690,13131,13376,13694,14007,14336,14744,14882,14966,15114,15461,15606,15554,15489,15553,15406,15318,15138,14898,14850,14715,14505,14497,14199,14262,14094,14098,13887,13783,13505,13265,13150,13161,13171,13221,13499,13667,13887,14248,14675,14966,15306,15972,16255,16391,16640,16973,17314,17608,17575,17639,17817,17848,17810,17649,17270,17095,16955,16800,16619,16692,16795,16822,16892,16741,16688,16624,16755,16724,17026,16795,16831,16923,16992,17081,17095,17159,17131,17152,17074,16921,16774,16675,16500,16346,16198,16149,15834,15875,15512,15556,15504,15349,15418,15396,15381,15469,15483,15557,15626,15532,15681,15730,15611,15484,15537,15386,15229,15051,14993,15006,14901,14664,14462,14407,14311,14198,14043,13962,13941,13828,13640,13625,13573,13432,13461,13412,13282,13224,13180,12970,12774,12579,12495,12275,12244,12086,11911,11783,11660,11501,11478,11443,11494,11575,11748,11845,11953,12199,12453,12608,12978,13201,13556,13696,13779,13911,14110,14280,14376,14347,14452,14530,14636,14662,14626,14769,14737,14702,14674,14738,14623,14427,14319,14222,14021,13948,13943,13950,13939,13997,14109,14189,14312,14420,14411,14400,14415,14320,14141,14013,13880,13701,13643,13386,13274,13231,12981,13260,13002,12885,12811,12910,12938,12955,13163,13318,13509,13699,13986,14300,14617,14910,15287,15695,15972,16290,16671,16872,17018,17103,17109,17032,17072,17053,16885,16750,16582,16426,16338,16117,16142,16112,15941,16026,15994,16071,16318,16429,16590,16949,17267,17565,17850,18041,18184,18328,18410,18468,18699,18733,18790,18802,18653,18738,18943,18758,19020,18901,18966,18802,18931,18933,18824,18714,18797,18680,18606,18662,18582,18562,18599,18590,18630,18649,18688,18672,18596,18661,18573,18591,18524,18537,18375,18328,18247,18098,17989,17961,17824,17726,17779,17660,17731,17645,17789,17739,17957,17784,17946,18036,18101,18212,18101,18166,18047,17954,17956,17910,17798,17810,17689,17631,17762,17688,17705,17789,17807,17932,17919,17893,17911,18037,18002,18076,18171,18248,18278,18246 };

#define tailleSignal4_x440 397
 int signal4_x440[tailleSignal4_x440] = {
-141,-128,-131,-143,-127,-127,-130,-131,-145,-135,-131,-128,-141,-134,-129,-125,-120,-120,-120,-117,-109,-98,-109,-97,-99,-117,-101,-106,-101,-106,-117,-121,-109,-99,-104,-101,-96,-94,-97,-104,-119,-112,-97,-74,-86,-74,-77,-97,-100,-108,-116,-123,-118,-109,-122,-111,-102,-107,-85,-83,-81,-64,-69,-71,-57,-76,-80,-100,-95,-102,-98,-81,-72,-58,-31,-14,22,38,50,65,74,94,102,91,95,79,94,71,73,93,95,89,105,107,111,117,117,131,125,137,151,147,156,150,158,219,198,193,195,194,191,190,169,162,153,161,174,185,193,189,186,188,238,133,95,115,118,89,63,18,-22,-102,-185,-282,-294,-326,-413,-443,-484,-603,-613,-1009,-1243,-622,-912,-1285,-1124,-2250,-4315,-1118,-3437,-2134,-1576,-1366,-876,1130,-3223,-729,-1879,-3375,-8945,-2924,-1012,-1923,-2459,-3075,-2809,-2302,-1716,-1249,-969,-829,-750,-790,-772,-763,-784,-855,-962,-1018,-1143,-1014,-1289,-1001,-1194,-931,-1479,-1304,-1148,-1259,-1294,-1347,-1322,-1377,-1366,-1413,-1249,-1397,-1221,-1452,-1442,-1453,-962,-777,-1030,-1025,-1077,-1201,-1241,-1214,-1034,-1116,-1176,-1166,-1108,-984,-1056,-1017,-973,-951,-935,-923,-917,-885,-871,-844,-823,-768,-789,-755,-753,-732,-702,-666,-641,-635,-653,-689,-729,-723,-752,-728,-693,-626,-563,-490,-467,-445,-405,-380,-320,-289,-278,-256,-244,-232,-183,-193,-163,-97,-95,-120,-98,-87,-93,-108,-94,-87,-55,-55,-68,-86,-132,-186,-177,-195,-221,-189,-170,-172,-135,-97,-111,-140,-50,-64,-67,-54,-32,-159,-70,-145,-92,-125,-133,-131,-112,-123,-157,-165,-179,-166,-174,-181,-167,-164,-157,-177,-183,-203,-220,-233,-243,-255,-231,-228,-237,-219,-214,-227,-228,-237,-232,-228,-216,-215,-213,-199,-198,-189,-177,-159,-152,-157,-151,-133,-128,-137,-135,-144,-60,-167,-252,-220,-170,-179,-173,-168,-158,-167,-175,-163,-162,-175,-187,-211,-230,-255,-272,-287,-300,-294,-282,-283,-273,-259,-249,-231,-226,-221,-220,-219,-214,-220,-226,-233,-235,-240,-239,-219,-219,-208,-220,-211,-195,-200,-221,-259,-265,-283,-280,-284,-258,-254,-224,-206,-213 };

#define tailleSignal4_y440 397
 int signal4_y440[tailleSignal4_y440] = {
543,525,520,521,505,498,494,495,455,451,454,442,432,418,425,424,421,413,409,408,404,417,425,427,437,436,442,444,461,457,443,443,428,422,411,420,432,428,427,407,390,387,400,406,411,422,409,393,388,375,362,370,368,369,383,390,378,386,378,375,372,360,350,365,357,376,383,387,381,373,355,322,305,287,265,254,256,257,269,278,310,346,387,387,386,395,382,384,382,410,428,457,477,488,490,484,480,480,486,457,464,453,422,417,438,447,403,345,327,301,276,244,222,200,190,217,242,285,311,325,356,398,312,374,362,427,507,589,633,638,728,684,582,538,570,581,557,465,370,291,338,445,539,148,311,14,3424,953,4072,3090,3781,1422,970,-403,-190,-4225,-1388,-4965,-363,-7593,-16835,-11429,-7167,-3959,-535,526,552,641,341,68,-321,-878,-1094,-973,-893,-629,-527,-477,-505,-678,-984,-1262,-1018,-1339,-1647,-1566,-2383,-1815,-1647,-1680,-1626,-1608,-1446,-1402,-1264,-1136,-1231,-960,-1044,-822,-863,-753,-426,-163,-224,-209,-357,-438,-458,-565,-680,-699,-630,-571,-441,-380,-346,-336,-258,-214,-192,-208,-251,-302,-297,-234,-188,-29,22,53,73,60,45,16,-23,-141,-284,-446,-628,-802,-883,-926,-894,-743,-645,-484,-390,-249,-144,-75,6,10,12,-3,-27,-26,-38,-9,-15,22,47,79,70,57,25,10,22,64,66,63,48,-22,-129,-220,-297,-324,-285,-250,-221,-186,-144,-139,-109,-99,-92,-63,-30,-14,-10,20,31,82,95,82,77,79,67,79,98,143,155,158,159,133,115,87,73,56,25,-26,-83,-130,-158,-156,-141,-126,-112,-107,-125,-141,-159,-181,-164,-137,-115,-102,-74,-57,-45,-24,2,12,13,20,42,53,63,58,68,68,27,29,15,29,38,37,10,-2,-13,-9,-9,-18,-9,-9,-20,-36,-49,-62,-83,-83,-80,-58,-44,-44,-41,-18,-18,-15,-7,-1,6,13,23,36,52,64,72,82,95,93,106,103,115,98,91,60,13,-51,-103,-155,-159,-160,-144,-111,-69,-45,-33 };

#define tailleSignal4_z440 397
 int signal4_z440[tailleSignal4_z440] = {
1828,1850,1864,1897,1897,1929,1955,1985,2012,2015,2029,2042,2049,2064,2073,2047,2056,2043,2050,2047,2054,2048,2037,2043,2049,2056,2060,2065,2076,2078,2091,2088,2068,2037,2011,2007,2013,2031,2088,2157,2175,2108,2034,1987,1952,1909,1894,1921,1957,2022,2081,2105,2140,2110,2088,2067,2046,2025,2026,2018,1987,1982,1945,1944,1932,2018,2079,2184,2249,2299,2323,2299,2248,2191,2123,2078,2015,1961,1857,1811,1763,1729,1697,1691,1701,1725,1748,1766,1759,1750,1738,1698,1651,1634,1624,1609,1615,1600,1545,1464,1391,1359,1351,1326,1231,1155,1186,1206,1190,1188,1192,1190,1189,1193,1211,1137,1077,995,933,851,776,604,353,387,353,292,175,116,70,31,40,73,83,79,-10,-67,-8,77,165,252,216,431,353,-62,347,2406,3211,1769,3950,665,2060,185,1307,-733,1747,-153,908,4356,4042,4696,19109,18921,6767,-72,476,163,754,947,1056,1299,1549,1736,1866,1853,1751,1607,1541,1528,1593,1623,1816,1840,1733,1862,2014,2187,2130,2228,2564,2522,2454,2412,2366,2285,2241,2205,2158,2178,2127,2040,2026,1979,2070,1986,1925,1858,1881,1934,2031,2081,2208,2260,2271,2271,2229,2194,2119,2051,1995,1932,1937,1973,1948,1998,1923,1849,1778,1634,1589,1551,1537,1526,1512,1535,1536,1667,1800,1984,2181,2342,2408,2386,2285,2063,1858,1691,1560,1432,1342,1293,1249,1257,1274,1285,1310,1347,1369,1314,1312,1274,1243,1216,1235,1275,1346,1403,1449,1380,1324,1279,1278,1365,1551,1687,1847,1878,1890,1837,1815,1766,1714,1692,1659,1614,1606,1598,1612,1618,1665,1713,1738,1738,1718,1737,1757,1764,1778,1777,1814,1838,1868,1878,1904,1907,1907,1873,1875,1888,1944,2006,2075,2142,2168,2155,2152,2107,2079,2077,2070,2088,2113,2099,2100,2100,2099,2100,2081,2057,2010,1979,1951,1926,1901,1868,1861,1832,1797,1789,1797,1843,1877,1950,1901,1891,1875,1871,1878,1885,1883,1879,1873,1887,1888,1886,1934,1985,2043,2120,2187,2226,2262,2242,2231,2191,2135,2112,2062,2057,2056,2041,2012,2012,2004,2007,2004,2054,2034,2034,2012,1984,1973,1956,1910,1905,1896,1898,1944,2049,2108,2143,2163,2130,2088,2065,1990,1970,1952 };

#define tailleSignal5_x440 392
 int signal9_x440[tailleSignal5_x440] = {
-149,-147,-161,-169,-155,-159,-176,-201,-209,-216,-204,-216,-208,-229,-229,-232,-237,-239,-222,-229,-224,-224,-207,-208,-210,-158,-192,-413,-229,-244,-232,-204,-190,-167,-168,-159,-145,-148,-156,-162,-159,-151,-145,-141,-139,-134,-118,-114,-116,-103,-105,-89,-86,-89,-75,-67,-54,-51,-38,-25,-29,-36,-42,-32,-37,-41,-30,-31,-38,-48,-49,-36,-39,-53,-49,-45,-49,-53,-48,-32,-35,-32,-36,-21,-24,-32,-58,-61,-53,-58,-58,-43,-36,12,37,53,50,52,58,86,102,108,123,129,140,155,154,173,177,188,196,215,216,212,218,206,210,193,248,230,218,219,226,227,231,240,250,244,258,264,263,253,246,218,211,172,140,72,-22,-101,-156,-202,-279,-377,-388,-473,-583,-704,-801,-911,-1007,-1091,-1206,-1330,-1043,-1992,-2712,-1067,-2083,-4150,-9881,-3687,1243,5757,-3773,-3746,-1566,-6548,3857,-538,-290,-946,-2411,-2682,-2369,-1614,-1036,-817,-757,-567,-632,-748,-758,-904,-853,-940,-970,-990,-1000,-965,-954,-963,-912,-950,-1044,-665,-971,-1078,-1178,-940,-1056,-1174,-1094,-967,-1088,-1035,-1111,-829,-840,-1001,-975,-998,-1097,-1184,-1153,-1171,-1156,-1133,-1121,-1111,-1148,-1131,-1115,-1037,-964,-851,-775,-701,-620,-588,-580,-577,-557,-513,-571,-576,-604,-624,-545,-542,-404,-466,-286,-205,-358,-400,-489,-247,-281,-224,-218,-223,-190,-158,-70,41,-39,-19,-72,-69,-95,-95,-60,-48,-27,-14,-31,-9,-19,6,54,80,90,122,112,116,155,172,194,229,242,244,266,277,275,282,274,296,288,285,299,300,310,320,336,339,335,319,330,315,290,294,278,281,279,251,233,212,171,169,153,160,165,183,169,175,185,180,173,163,179,167,169,167,163,158,181,162,170,179,192,169,174,171,185,210,211,209,221,234,246,250,249,262,266,269,272,266,276,259,251,246,170,279,222,208,221,223,226,218,204,217,203,202,183,189,186,188,188,190,211,344,109,198,203,177,167,153,185,185,178,184,201,214,216,219,212,215,195,202,193,205 };

#define tailleSignal5_y440 392
 int signal5_y440[tailleSignal5_y440] = {
332,332,344,335,344,348,368,379,379,398,412,445,452,456,438,428,432,456,468,474,488,483,492,505,493,514,536,413,545,583,580,500,429,368,366,381,396,395,392,399,406,419,450,450,467,466,471,454,423,415,386,413,426,386,363,368,402,429,450,455,444,449,436,415,415,404,385,381,370,358,342,336,319,315,309,310,323,349,347,375,381,389,406,406,420,415,408,412,408,408,404,392,402,430,477,517,529,516,485,473,467,441,422,423,427,448,449,466,464,459,441,445,422,412,396,378,349,372,408,364,291,242,241,189,183,207,255,298,324,370,399,425,439,451,509,509,546,568,582,562,581,576,549,532,542,481,431,403,512,331,268,258,188,-20,5506,1533,3875,-985,2377,3504,10987,-2234,54,-6321,1485,-3065,-12283,-29003,-5751,-7625,-9413,-3236,751,1212,982,742,274,-597,-1070,-1228,-1180,-939,-793,-551,-623,-631,-797,-860,-991,-1128,-1288,-1422,-1534,-2565,-1680,-2135,-2205,-1903,-1840,-1638,-1508,-1270,-1093,-1053,-915,-996,-1037,-869,-611,-647,-504,-629,-629,-539,-609,-558,-532,-450,-363,-247,-195,-143,-122,-12,101,230,288,232,201,91,19,-41,-87,-151,-295,-368,-391,-426,-443,-405,-393,-123,-880,-123,349,-347,-67,-103,-463,-632,-971,-1000,-1035,-921,-932,-747,-597,-395,-346,-240,-151,-48,60,205,298,379,379,357,284,182,106,-2,-1,41,73,106,113,110,115,121,119,124,115,103,67,18,-38,-78,-107,-110,-95,-96,-89,-64,-51,-23,10,13,19,-26,-63,-94,-131,-117,-109,-123,-149,-215,-304,-405,-478,-472,-434,-360,-319,-282,-218,-175,-126,-91,-78,-63,-50,-31,2,18,35,61,81,116,125,123,108,75,72,73,65,56,58,42,39,13,9,-4,-14,-24,-31,-46,-66,-100,-150,-225,-235,-346,-374,-371,-331,-305,-297,-280,-275,-288,-270,-251,-255,-228,-214,-200,-174,-130,-99,-56,-22,46,58,77,78,100,110,129,182,184,193,189,158,141,91,55,-12,-55,-113,-153 };

#define tailleSignal5_z440 392
 int signal5_z440[tailleSignal5_z440] = {
1871,1872,1875,1882,1902,1922,1987,2016,2061,2060,2063,2071,2074,2095,2107,2123,2121,2113,2132,2118,2095,2086,2076,2070,2097,2190,2578,2626,2412,2239,2122,2044,2019,2007,1999,2033,2092,2132,2147,2153,2146,2087,2036,2014,1967,1959,1963,1971,1955,1961,1912,1868,1852,1869,1806,1747,1725,1710,1718,1698,1701,1707,1698,1707,1742,1773,1823,1851,1917,1971,2053,2101,2111,2131,2150,2142,2156,2146,2150,2139,2113,2090,2066,2056,2103,2147,2234,2286,2324,2328,2285,2240,2198,2095,2011,1917,1843,1796,1747,1696,1617,1616,1602,1565,1503,1492,1452,1392,1357,1289,1261,1246,1232,1241,1281,1276,1207,1103,1001,1038,1093,1137,1134,1162,1151,1105,1010,912,761,571,399,253,65,-94,-205,-311,-414,-453,-453,-415,-386,-343,-297,-253,-181,-174,-169,-137,-54,49,157,284,406,1360,3006,2740,5279,3942,4710,3296,5342,-8007,-3781,-4383,3290,128,8174,29738,9730,7652,2444,780,806,462,636,1048,1377,1642,1705,1800,1789,1728,1636,1670,1701,1774,1789,1774,1749,1800,1818,1992,2110,1812,2543,2963,2900,2881,2700,2544,2393,2270,2345,2411,2445,2512,2554,2596,2586,2599,2570,2577,2675,2782,2870,2924,2869,2700,2536,2352,2146,1932,1694,1404,1225,1057,987,1044,1074,1176,1268,1354,1434,1679,1915,2134,2243,2304,2370,2290,2308,2170,2179,1930,1182,1617,1532,1543,1862,2043,2250,2335,2354,2284,2250,2187,2022,1866,1776,1644,1548,1462,1366,1289,1220,1079,1044,1080,1190,1341,1468,1593,1601,1549,1510,1449,1433,1354,1332,1276,1243,1226,1226,1237,1287,1353,1426,1471,1502,1534,1511,1485,1471,1446,1405,1364,1353,1361,1405,1487,1547,1588,1653,1672,1690,1747,1840,1984,2129,2338,2492,2549,2529,2466,2423,2352,2281,2207,2179,2161,2139,2167,2179,2165,2170,2158,2131,2122,2056,2051,2043,2026,2013,2011,1994,1955,1899,1873,1833,1792,1777,1754,1730,1711,1686,1657,1643,1637,1641,1672,1743,1832,1909,1977,2126,2135,2135,2123,2143,2142,2145,2161,2186,2206,2211,2228,2231,2216,2179,2160,2119,2120,2024,2001,1975,1947,1951,1944,1915,1904,1838,1791,1733,1723,1727,1738,1752,1821,1882,1941,1999,2044 };
